Q1: 453 2339 3197 4587 901 25 1165 1687 3669 4116
Q2: 3311 4035 25 4927 697 690 4835 1840 2432 424
Q3: 2165 852 1550 3323 2144 4283 7 3380 4798 3311
Q4: 3311 2943 1088 1550 3323 1566 2432 4514 3300 2144
Q5: 473 1943 3039 4538 25 4949 4394 3197 466 1165
Q6: 2339 25 1165 901 1943 3197 1687 235 3669 2598
Q7: 3311 25 4863 3698 3380 4011 2432 4283 3378 4035
Q8: 3311 25 2432 4835 4927 4035 2943 822 2629 3378
Q9: 3311 25 4863 2432 4514 4283 1566 3698 3380 3378
Q10: 744 815 2144 4798 4587 2165 25 3323 453 852
Q11: 3311 25 4863 4283 4514 3380 3698 2144 2165 3323
Q12: 25 1165 1943 3197 901 453 4587 473 1687 1925
Q13: 3605 4863 3983 4710 4514 4283 4057 174 3698 3300
Q14: 4063 2228 4720 1058 4341 4795 2803 2117 2154 3906
Q15: 3698 4863 3311 174 3100 138 2075 3983 4927 3219
Q16: 3689 90 1222 2748 71 2715 584 911 1436 2846
Q17: 3983 3698 3682 1160 4283 4863 3605 2736 1840 174
Q18: 25 3605 4863 2846 264 820 1566 4011 4584 4283
Q19: 25 820 1165 1943 4587 3311 2846 744 453 901
Q20: 25 820 4011 4035 1364 697 4008 2846 4771 18
