Q1: 18 19 11 4 8 10 6 15 1 13 0 17 5 16 14 3 7 2 12 9
Q2: 7 6 0 14 3 19 15 16 12 1 8 2 4 9 13 18 17 10 5 11
Q3: 6 7 15 0 14 3 19 1 8 4 12 16 2 13 11 5 9 18 10 17
Q4: 19 4 8 1 0 7 6 16 14 13 18 15 11 17 2 12 9 5 10 3
Q5: 19 6 4 0 15 14 1 8 7 16 3 18 13 11 5 10 12 17 9 2
Q6: 19 4 0 6 15 8 1 7 14 3 18 16 11 5 12 13 17 10 9 2
Q7: 0 6 15 19 8 7 1 4 14 16 13 12 17 3 10 11 5 18 2 9
Q8: 19 0 11 13 18 1 5 15 4 6 8 10 17 16 7 14 12 3 2 9
Q9: 19 10 5 11 15 12 0 3 8 1 7 17 14 13 18 2 6 4 16 9
Q10: 19 18 4 0 8 6 15 1 13 7 14 12 11 10 17 16 3 5 2 9
Q11: 15 19 0 3 6 1 12 4 10 8 16 7 11 14 5 18 13 9 2 17
Q12: 15 19 6 0 8 7 4 13 1 16 12 14 3 17 9 2 18 11 10 5
Q13: 15 6 19 0 1 7 8 14 16 17 3 4 12 10 11 13 2 18 5 9
Q14: 19 6 4 8 0 18 11 1 10 13 14 17 15 3 16 7 5 12 9 2
Q15: 4 19 8 18 6 11 0 10 15 1 5 12 13 7 3 16 14 17 9 2
Q16: 4 8 19 1 0 18 6 15 7 5 12 13 16 3 11 10 14 17 9 2
Q17: 7 6 0 14 15 3 19 16 8 2 12 18 9 1 13 4 17 10 5 11
Q18: 0 6 15 19 7 4 13 1 14 8 3 10 16 9 5 18 12 2 17 11
Q19: 19 6 4 18 0 13 16 15 11 14 7 17 8 10 1 12 5 3 9 2
Q20: 19 0 6 8 4 15 7 1 14 13 3 10 11 16 5 17 12 18 9 2
